1 1 230 41 55 255
1 1999 230 41 55 255
1000 1000 230 41 55 255
1012 1006 130 130 130 255
1012 1007 130 130 130 255
1012 1008 130 130 130 255
1012 1011 130 130 130 255
1012 1012 130 130 130 255
1012 1013 130 130 130 255
1013 1006 130 130 130 255
1013 1007 130 130 130 255
1013 1008 130 130 130 255
1013 1011 130 130 130 255
1013 1012 130 130 130 255
1013 1013 130 130 130 255
1014 1006 139 69 19 255
1014 1007 139 69 19 255
1014 1008 139 69 19 255
1014 1009 139 69 19 255
1014 1010 139 69 19 255
1014 1011 139 69 19 255
1014 1012 139 69 19 255
1014 1013 139 69 19 255
1014 1014 127 106 79 255
1014 1015 127 106 79 255
1014 1016 127 106 79 255
1014 1017 127 106 79 255
1014 1018 127 106 79 255
1014 1019 127 106 79 255
1014 1020 127 106 79 255
1015 1006 139 69 19 255
1015 1007 139 69 19 255
1015 1008 139 69 19 255
1015 1009 139 69 19 255
1015 1010 139 69 19 255
1015 1011 139 69 19 255
1015 1012 139 69 19 255
1015 1013 139 69 19 255
1015 1014 127 106 79 255
1015 1015 127 106 79 255
1015 1016 127 106 79 255
1015 1017 127 106 79 255
1015 1018 127 106 79 255
1015 1019 127 106 79 255
1015 1020 127 106 79 255
1016 1006 139 69 19 255
1016 1007 139 69 19 255
1016 1008 139 69 19 255
1016 1009 139 69 19 255
1016 1010 139 69 19 255
1016 1011 139 69 19 255
1016 1012 139 69 19 255
1016 1013 139 69 19 255
1016 1014 127 106 79 255
1016 1015 127 106 79 255
1016 1016 127 106 79 255
1016 1017 127 106 79 255
1016 1018 127 106 79 255
1016 1019 127 106 79 255
1016 1020 127 106 79 255
1017 1006 139 69 19 255
1017 1007 139 69 19 255
1017 1008 139 69 19 255
1017 1009 139 69 19 255
1017 1010 139 69 19 255
1017 1011 139 69 19 255
1017 1012 139 69 19 255
1017 1013 139 69 19 255
1017 1014 127 106 79 255
1017 1015 127 106 79 255
1017 1016 127 106 79 255
1017 1017 127 106 79 255
1017 1018 127 106 79 255
1017 1019 127 106 79 255
1017 1020 127 106 79 255
1018 1006 139 69 19 255
1018 1007 139 69 19 255
1018 1008 139 69 19 255
1018 1009 139 69 19 255
1018 1010 139 69 19 255
1018 1011 139 69 19 255
1018 1012 139 69 19 255
1018 1013 139 69 19 255
1018 1014 127 106 79 255
1018 1015 127 106 79 255
1018 1016 127 106 79 255
1018 1017 127 106 79 255
1018 1018 127 106 79 255
1018 1019 127 106 79 255
1018 1020 127 106 79 255
1019 1006 139 69 19 255
1019 1007 139 69 19 255
1019 1008 139 69 19 255
1019 1009 139 69 19 255
1019 1010 139 69 19 255
1019 1011 139 69 19 255
1019 1012 139 69 19 255
1019 1013 139 69 19 255
1019 1014 127 106 79 255
1019 1015 127 106 79 255
1019 1016 127 106 79 255
1019 1017 127 106 79 255
1019 1018 127 106 79 255
1019 1019 127 106 79 255
1019 1020 127 106 79 255
1020 1006 139 69 19 255
1020 1007 139 69 19 255
1020 1008 139 69 19 255
1020 1009 139 69 19 255
1020 1010 139 69 19 255
1020 1011 139 69 19 255
1020 1012 139 69 19 255
1020 1013 139 69 19 255
1021 1006 139 69 19 255
1021 1007 139 69 19 255
1021 1008 139 69 19 255
1021 1009 139 69 19 255
1021 1010 139 69 19 255
1021 1011 139 69 19 255
1021 1012 139 69 19 255
1021 1013 139 69 19 255
1022 1006 139 69 19 255
1022 1007 139 69 19 255
1022 1008 139 69 19 255
1022 1009 139 69 19 255
1022 1010 139 69 19 255
1022 1011 139 69 19 255
1022 1012 139 69 19 255
1022 1013 139 69 19 255
1023 1006 139 69 19 255
1023 1007 139 69 19 255
1023 1008 139 69 19 255
1023 1009 139 69 19 255
1023 1010 139 69 19 255
1023 1011 139 69 19 255
1023 1012 139 69 19 255
1023 1013 139 69 19 255
1024 1006 139 69 19 255
1024 1007 139 69 19 255
1024 1008 139 69 19 255
1024 1009 139 69 19 255
1024 1010 139 69 19 255
1024 1011 139 69 19 255
1024 1012 139 69 19 255
1024 1013 139 69 19 255
1025 1006 139 69 19 255
1025 1007 139 69 19 255
1025 1008 139 69 19 255
1025 1009 139 69 19 255
1025 1010 139 69 19 255
1025 1011 139 69 19 255
1025 1012 139 69 19 255
1025 1013 139 69 19 255
1026 1006 139 69 19 255
1026 1007 139 69 19 255
1026 1008 139 69 19 255
1026 1009 139 69 19 255
1026 1010 139 69 19 255
1026 1011 139 69 19 255
1026 1012 139 69 19 255
1026 1013 139 69 19 255
1027 1006 139 69 19 255
1027 1007 139 69 19 255
1027 1008 139 69 19 255
1027 1009 139 69 19 255
1027 1010 139 69 19 255
1027 1011 139 69 19 255
1027 1012 139 69 19 255
1027 1013 139 69 19 255
1028 1006 139 69 19 255
1028 1007 139 69 19 255
1028 1008 139 69 19 255
1028 1009 139 69 19 255
1028 1010 139 69 19 255
1028 1011 139 69 19 255
1028 1012 139 69 19 255
1028 1013 139 69 19 255
1029 1006 139 69 19 255
1029 1007 139 69 19 255
1029 1008 139 69 19 255
1029 1009 139 69 19 255
1029 1010 139 69 19 255
1029 1011 139 69 19 255
1029 1012 139 69 19 255
1029 1013 139 69 19 255
1030 1006 139 69 19 255
1030 1007 139 69 19 255
1030 1008 139 69 19 255
1030 1009 139 69 19 255
1030 1010 139 69 19 255
1030 1011 139 69 19 255
1030 1012 139 69 19 255
1030 1013 139 69 19 255
